%YAML:1.0
---
calibration_time: "Mon Jul 22 20:28:30 2019"
image_width: 640
image_height: 480
flags: 0
camera_matrix: !!opencv-matrix
  rows: 3
  cols: 3
  dt: d
  data: [ 1239.7175020954778,0.0,781.0238307820904,
          0.0,1263.4623078279858,480.6034557419412,
          0.0,0.0,1.0 ]
distortion_coefficients: !!opencv-matrix
  rows: 1
  cols: 5
  dt: d
  data: [ 0.8340471898015733,-13.988534380913903,0.023074668985231844,5.522571826786347E-4,79.27813346198843 ]
avg_reprojection_error: 1.0

#cameraMatrix: 1239.7175020954778,0.0,781.0238307820904,0.0,1263.4623078279858,480.6034557419412,0.0,0.0,1.0
#distCoeffs:  0.8340471898015733,-13.988534380913903,0.023074668985231844,5.522571826786347E-4,79.27813346198843

